Gene	Deletion 0bp microhomology	Deletion 1bp microhomology	Deletion 2bp microhomology	Deletion with insertion	Homology Directed Repair	Any Insertion	Deletion 3+bp microhomology
0610009B22Rik	0.06082156646589121	0.19406277035550296	0.2582811402904651	0.13075627343044105	0.17677235142882092	0.07741542597940342	0.10189047204947535
0610010K14Rik	0.0691110507669322	0.19738554955435608	0.2544201533173981	0.1368505869792913	0.164657278307296	0.07245278402117225	0.10512259705355408
0610030E20Rik	0.06098090223784432	0.2146508798658324	0.24583371005205565	0.1424450412257975	0.16424834674235317	0.07059658942664539	0.10124453044947161
0610040J01Rik	0.0680495869706132	0.18870483957553497	0.2661374762279974	0.12314909161881715	0.1778015948013637	0.07091420759103993	0.10524320321463362
1110004F10Rik	0.05623951879643285	0.21224049736367098	0.23487595260562566	0.1402558201207265	0.16654180187629924	0.07782995213920897	0.11201645709803577
1110017D15Rik	0.06649381567664595	0.23619347974910795	0.24188186084015348	0.1325794748221097	0.15612138315847182	0.0783120310867492	0.08841795466676199
1110032A03Rik	0.07517589303266657	0.20657650229990288	0.2446298893819338	0.1341718605331861	0.16940403353676048	0.06853965170022774	0.10150216951532223
1110032F04Rik	0.059310233485200724	0.21062455889046905	0.25335562797767086	0.1215560687577737	0.16255727679551304	0.07180498136303914	0.1207912527303335
1110059E24Rik	0.05437852842696707	0.20805437823344997	0.28854845320295064	0.14558752884700274	0.15331580250253177	0.08108652636245083	0.06902878242464683
1110059G10Rik	0.06458282400294044	0.20496518979660078	0.2371724058948137	0.15674240224990654	0.1619122444554276	0.06693046127303283	0.10769447232727808
1110065P20Rik	0.06692299817634119	0.22995368125815077	0.24965849573797627	0.13239684521380465	0.1674473855226298	0.07035742908077969	0.08326316501031758
1190005I06Rik	0.06061601653266551	0.21896499213501258	0.23795439487203782	0.1379087075619163	0.1549460631649687	0.08210198099529173	0.10750784473810743
1190007I07Rik	0.06289916385054925	0.21709783817057726	0.2580852669450013	0.12801995798153756	0.15274063582432887	0.0731361250009555	0.10802101222705031
1600012H06Rik	0.05675624757784559	0.21385032489939634	0.2576343220984929	0.13243864406391578	0.15939478172387797	0.06918174907182177	0.11074393056464966
1600014C23Rik	0.0662344467921728	0.19869107123311192	0.2508819971443235	0.13802846240342945	0.1668308695820158	0.07682677727691356	0.10250637556803292
1700001C19Rik	0.06704226439677782	0.20609488401135712	0.244745788890843	0.13027137755194002	0.17965013733839427	0.07232788806495835	0.09986765974572943
1700001J03Rik	0.05628996915523423	0.22412054393411182	0.2666651473783465	0.11239613423795154	0.17452635647634934	0.06916492042489378	0.09683692839311281
1700001K19Rik	0.0659376095697964	0.2107502567037152	0.27629858691045867	0.12015286247728295	0.1532650829287465	0.08079910877384588	0.0927964926361544
1700001L19Rik	0.057365595625491386	0.20220332151805093	0.24984102518746298	0.13592090818628197	0.17550973443940526	0.07631762139748316	0.10284179364582431
1700001O22Rik	0.06062843604648793	0.197127622244408	0.25047537802716974	0.14380745425904085	0.17297541868655775	0.07648920731700014	0.0984964834193355
1700001P01Rik	0.05747529915165961	0.2138801133800788	0.24708661940652438	0.13343615952700363	0.16955802012393112	0.07589296723262587	0.10267082117817668
1700003E16Rik	0.058404144862857166	0.21203561564787327	0.24528434087398526	0.12865760149922897	0.1772394574248712	0.07415923070960005	0.104219608981584
1700003F12Rik	0.0644846567947159	0.2042710014854865	0.263045733894916	0.12843577910627815	0.16142504795937881	0.07202029867884356	0.1063174820803811
1700006A11Rik	0.06570661785833297	0.2066299361159385	0.25680716990665564	0.12733330794075115	0.18098192200569785	0.06267442249953953	0.09986662367308442
1700008O03Rik	0.05618105540334863	0.2057093450695892	0.24648185010252385	0.1328288668246571	0.16944027878190027	0.07300727932660128	0.11635132449137965
1700008P02Rik	0.06431628701440192	0.2126713783245204	0.23458455001142314	0.1195956370692221	0.19572850547473405	0.07122566431543025	0.10187797779026816
1700009N14Rik	0.06702588130001909	0.21506260386524978	0.24109372442415714	0.1230389716695981	0.18241726187269527	0.06770780298486284	0.10365375388341784
1700010B08Rik	0.062447113241701116	0.21281906891128602	0.24113972739281994	0.13469367693317721	0.17269110663140216	0.07686903432459694	0.09934027256501672
1700010D01Rik	0.05986702985987736	0.2201552726503399	0.2557522924075604	0.14211634560385583	0.14796513256425511	0.07726154649613956	0.09688238041797169
1700010I14Rik	0.06516494763942753	0.2081358325680148	0.2541747220121122	0.12466492106353647	0.17927449463879813	0.07320294847757297	0.09538213360053802
1700011L22Rik	0.05333454858957106	0.2111962483574495	0.25945251016076365	0.1330751937905812	0.15392105997809624	0.08101363061143764	0.10800680851210057
1700012A03Rik	0.057767063264111275	0.194975081192559	0.24578619376320698	0.1306046274164338	0.18895032835795433	0.077884592842329	0.10403211316340574
1700012B07Rik	0.05855861060946453	0.201354208186456	0.25774842543548343	0.13658285195016617	0.16588991835141645	0.06990844846317383	0.10995753700383956
1700012B09Rik	0.06465564664634284	0.21090514894111972	0.2660675894005612	0.12249588252188326	0.15275586196483312	0.07932102107345282	0.103798849451807
1700013D24Rik	0.05865725388377953	0.22663032530428723	0.2642469077025996	0.13621686435215588	0.15975157901661471	0.06731444773403024	0.08718262200653293
1700013G24Rik	0.07159588086437624	0.20479913906102515	0.2597612124308962	0.12948174212750335	0.154996050214817	0.07479132449641923	0.10457465080496271
1700013H16Rik	0.05827573703042129	0.21851585166051288	0.24537468504590054	0.12825915518235875	0.17280543554703412	0.07152422635742262	0.1052449091763496
1700015G11Rik	0.07033888182074345	0.19123290147632108	0.23744870934821988	0.1275974106929259	0.20648699324673245	0.07342516657061259	0.09346993684444477
1700016C15Rik	0.07118407863629046	0.230206138638451	0.24824123818428748	0.12148918562273646	0.1688816593500139	0.0680856426914334	0.09191205687678734
1700016D06Rik	0.06714519518489616	0.19186033053550366	0.2406879070694672	0.13617176107715231	0.1814790537283661	0.07592044360732145	0.10673530879729325
1700016H13Rik	0.05561538613764303	0.20740127432785418	0.25180836246200283	0.12967281971364908	0.16860204545773774	0.07552716820580999	0.11137294369530311
1700016K19Rik	0.05456210563911637	0.19108157473489265	0.2613146031270702	0.1540255900266356	0.18053041095515313	0.06546635956457303	0.09301935595255899
1700017B05Rik	0.06173606243532129	0.20098212168614132	0.251091147553923	0.12582232804318766	0.18370495836954392	0.06847233912011164	0.10819104279177118
1700017N19Rik	0.05868875426292672	0.20451087594500825	0.2814110717504503	0.11642849414358161	0.1551450223078361	0.07496101270367643	0.10885476888652047
1700018B08Rik	0.06298439714108989	0.21166981083132558	0.2613046975960844	0.1263378504472649	0.16193046400432104	0.07586535268248629	0.09990742729742791
1700018F24Rik	0.06521390590129371	0.2167431748308561	0.25122056561887207	0.12000423323110067	0.16543786737780544	0.07884620042533677	0.1025340526147353
1700019A02Rik	0.0459848771401291	0.1809572701319292	0.2743461595610068	0.1339527832326505	0.17598633111693923	0.09550499528745111	0.09326758352989403
1700019D03Rik	0.05487432960961175	0.21054761617767717	0.252269604609075	0.11850538232349248	0.18773071074035513	0.0697282275800671	0.10634412895972126
1700019N19Rik	0.06354585366592906	0.2169535888306349	0.27214376849796024	0.11873115638190504	0.15561307214241507	0.06501921797852742	0.10799334250262829
1700020A23Rik	0.06710439395192704	0.20058254084567095	0.24962590806768795	0.12048244148726149	0.19389817916040913	0.07429317670769661	0.09401335977934694
1700020L24Rik	0.06386546497512428	0.20578350313139795	0.2523653799824209	0.12099099956552868	0.17354801994927727	0.07803020522350661	0.10541642717274419
1700020N15Rik	0.06511536953554393	0.1934409292564816	0.25908067596495893	0.13021937366452993	0.17849543256359532	0.07051715101203523	0.103131068002855
1700021F07Rik	0.06947079332882541	0.20096425504597	0.24591182078086424	0.13341576091696034	0.1693358120663895	0.07144590899505913	0.10945564886593129
1700022I11Rik	0.07162592169453237	0.21348690453357075	0.26337178560207497	0.12012930867488869	0.16317109348371817	0.06522375926471574	0.10299122674649924
1700024G13Rik	0.059504425679830664	0.20216445453293475	0.2560274892932718	0.13113111873066727	0.17010922503916454	0.06942251779014669	0.11164076893398422
1700024P16Rik	0.05583806882144577	0.21728826167973384	0.25497458251244126	0.13233764245870203	0.15331557273394142	0.07399984616836898	0.11224602562536684
1700025G04Rik	0.06513916823657898	0.22110972792712288	0.24380885600275382	0.1362102855233602	0.14744805129986244	0.07114735818161307	0.11513655282870866
1700028K03Rik	0.05367463333653936	0.18519641663489742	0.2614371928430381	0.12888242362003655	0.20071207589755996	0.07491248995551511	0.09518476771241347
1700029F12Rik	0.06904568364372148	0.20849847868750523	0.25211237385870267	0.12532624389314545	0.16971896774762824	0.07070413688112032	0.10459411528817658
1700029H14Rik	0.06668578848006806	0.20366075018237262	0.26472710092434865	0.12531341229033127	0.1682209253900378	0.07112280732721783	0.10026921540562371
1700029I15Rik	0.05802105361901989	0.20422752486515972	0.26194095357922403	0.1355018372481154	0.16200903061758684	0.08024201734498305	0.09805758272591107
1700029J07Rik	0.04907994826342679	0.22005019895108438	0.26851356143177985	0.1367749405330469	0.15951129912524564	0.06821106715109385	0.0978589845443226
1700030J22Rik	0.06477158782883524	0.21346497419691315	0.23707537406113702	0.13160052681676693	0.1657838241185236	0.07390171772593482	0.11340199525188939
1700030K09Rik	0.06254215930652719	0.21803276694443469	0.23524037770768458	0.1296170843573384	0.18112063658188715	0.07281157530362736	0.10063539979850057
1700031F05Rik	0.06295041748091176	0.201164893642774	0.26386311988174016	0.13506835977653683	0.17897292588238398	0.0581460967362473	0.09983418659940595
1700034E13Rik	0.06004821563019917	0.2225962749704022	0.27805714175926366	0.14074180971879116	0.1227350841042409	0.0701518890574722	0.10566958475963058
1700034J05Rik	0.05592801501358259	0.20692461050505034	0.25453242952393107	0.1329335939483925	0.16618685341411996	0.08313554143908455	0.10035895615583909
1700037C18Rik	0.07482058034108294	0.1994712042091333	0.2650966378443915	0.13047819427744867	0.16140984527308386	0.0664746239629116	0.10224891409194801
1700037H04Rik	0.06294680598571818	0.20162333015931655	0.2634328642174562	0.12681644970857414	0.1756557651744843	0.06873139131733207	0.1007933934371186
1700056E22Rik	0.06015862677526304	0.20608484673989141	0.2397288256137825	0.13223915500833222	0.1731347203734854	0.07264511410698547	0.11600871138225992
1700057G04Rik	0.06446561856103196	0.18815910740450634	0.27345905039182683	0.1319044995036612	0.18776197419959406	0.06534978770696759	0.08889996223241212
1700066B19Rik	0.07484638504758026	0.205341592305616	0.2619621645719242	0.1310413052484233	0.14935654122210673	0.07963703210568207	0.09781497949866742
1700066M21Rik	0.06825100754576112	0.21428130069067144	0.24904474955211417	0.1400480624896906	0.1587597632115499	0.07216798523735711	0.09744713127285581
1700067K01Rik	0.06613298046761384	0.2244595374592865	0.24552507601560025	0.1219166909697331	0.14971862245283662	0.07419582717728089	0.11805126545764866
1700067P10Rik	0.07416308160463485	0.21319762889575553	0.2495731046210656	0.13222422470243522	0.15894782106391334	0.06905748667845799	0.10283665243373741
1700088E04Rik	0.06003507581789768	0.2082435348880891	0.2631628169512759	0.14093910632486895	0.15709424961817228	0.06292372519075369	0.10760149120894233
1700092M07Rik	0.057408356189159064	0.23025371454434423	0.25079739684079466	0.1513660232242215	0.1566894172451539	0.06627102473574815	0.08721406722057834
1700093K21Rik	0.0639079295490933	0.19369342169404719	0.2920052213347187	0.13070085875598939	0.14951305229307635	0.058774295675931135	0.11140522069714398
1700094D03Rik	0.07977999475303527	0.19234204930534127	0.25536437795323574	0.1364337889778654	0.17025055143262985	0.06836398597207495	0.0974652516058174
1700102P08Rik	0.05782212901855732	0.19620790652420694	0.2621519898533166	0.13647600017557468	0.1730168291036749	0.06816907612114187	0.10615606920352777
1700109H08Rik	0.05694413966590031	0.22208365647077777	0.2611554152049129	0.13979772325346032	0.15911895551782818	0.06896097361949878	0.0919391362676217
1700113H08Rik	0.06272856157730122	0.198552774036801	0.2516497254110785	0.11762673462534581	0.19481359196887385	0.05720986468257919	0.11741874769802031
1700122O11Rik	0.06428258779684623	0.18792594343349514	0.26574418369091574	0.13220741575478578	0.17371307196585534	0.0683044661127538	0.1078223312453481
1700123K08Rik	0.06699729048713213	0.20328812085042477	0.2626589852627672	0.1373713873433464	0.14569094124903162	0.0629652028789964	0.12102807192830145
1700123O20Rik	0.05395281038790375	0.1975331741402475	0.23967748630732724	0.12487735231078723	0.19717545399722713	0.0737573303253365	0.11302639253117053
1700125H20Rik	0.06581361426169606	0.2216093945165217	0.2490421570192393	0.1301828380923807	0.1545576746796617	0.07691401532436781	0.10188030610613269
1700129C05Rik	0.05081870433227567	0.21830719067663348	0.2724415983505941	0.11665732650054693	0.17496010832214548	0.07531209175316277	0.09150298006464132
1810009A15Rik	0.0610095557861198	0.23852690323729184	0.23476613570363308	0.1272308212600737	0.1415534635347305	0.09318910030326392	0.1037240201748872
1810009J06Rik	0.06315641308440244	0.22275088234135904	0.24697630713017615	0.12874991823034226	0.15718861632598863	0.07841437896632211	0.10276348392140933
1810013L24Rik	0.04937595238280831	0.21235326739303592	0.24077797685425606	0.13977111800771566	0.17971012544961593	0.07195492160500742	0.10605663830756079
1810024B03Rik	0.055650629931317655	0.23294002632079974	0.24431713718914674	0.13211310629186393	0.16388723896750887	0.08468375656737141	0.08640810473199166
1810030O07Rik	0.06684076833546221	0.2084085560934788	0.23152076555402393	0.1248562304637781	0.16498844545068514	0.08891090181149033	0.11447433229108153
1810037I17Rik	0.053209291667627785	0.23608911691030093	0.2520804896565611	0.12499890981305038	0.15743709374415518	0.07399510608169603	0.10218999212660863
1810046K07Rik	0.0668055138572906	0.20760798363199148	0.2518508434997584	0.13256841298999814	0.17062815253565014	0.07013685028858135	0.10040224319672983
1810055G02Rik	0.06216331368381339	0.20741332377020716	0.2615350172996853	0.12364392545826756	0.17506071843022375	0.06827952180104958	0.10190417955675318
1810062G17Rik	0.06799163547005259	0.20249724494002594	0.2607143273951245	0.13215052365733856	0.16022078658574732	0.07667407598027438	0.09975140597143682
1810065E05Rik	0.05652960598101765	0.20887902950812082	0.2582221265719705	0.13028355652126702	0.17063461981009245	0.07674174358411977	0.09870931802341171
2010003K11Rik	0.06589997872231826	0.22440550172602605	0.2454638522507848	0.13893131145409507	0.14531008959287586	0.08020447194213715	0.0997847943117628
2010106E10Rik	0.05830804994089037	0.21283285113776954	0.2543702793528712	0.13134457609022002	0.16734175524562206	0.06935042433010273	0.10645206390252406
2010109A12Rik	0.05997061901469345	0.21766829450541808	0.23462303631668707	0.12381965248709684	0.1878489483941521	0.06059884105035354	0.11547060823159884
2200002D01Rik	0.05381734563017073	0.20462160415200314	0.25350042519562843	0.13314169877736232	0.17314347298983665	0.07792391409909602	0.10385153915590264
2200002J24Rik	0.06541458725264343	0.20569899085705623	0.2434618818942838	0.13639507597673275	0.17788747967426286	0.07014252142922713	0.10099946291579381
2210010C04Rik	0.0652140106470121	0.21198599983790203	0.2626210810557826	0.11988685113310202	0.16564371448779985	0.07326540507921894	0.10138293775918256
2210016F16Rik	0.054533250631138314	0.20917293834572592	0.2521630513167753	0.12507339193342706	0.17615764363539704	0.06990900867860372	0.11299071545893262
2210016L21Rik	0.06829958216985252	0.21082669153241834	0.24322486023883425	0.12774744439313937	0.175903760496946	0.070283762777341	0.10371389839146858
2210408I21Rik	0.06092044150586444	0.1954058793425994	0.26115622912035635	0.12544861214344355	0.16909743360622836	0.06919651415460507	0.11877489012690284
2300002M23Rik	0.0524455276039023	0.20212924875352856	0.2658225814141173	0.13139973615130462	0.1689488605169223	0.07002204382103772	0.10923200173918725
2300009A05Rik	0.060523161797688685	0.21430539304794627	0.2571795006907082	0.12714865833155553	0.16198390620599368	0.07536032941592928	0.10349905051017823
2310002L09Rik	0.057814058868788196	0.21464661840842847	0.2514811336458039	0.1342591448205553	0.17075328277864088	0.07244579333904567	0.0985999681387376
2310009B15Rik	0.06322934181325145	0.20261951898388034	0.24175060558646444	0.13043861974110385	0.17677669108121713	0.0847705269470418	0.10041469584704098
2310011J03Rik	0.06161347478666502	0.21382537409879682	0.24534062023770972	0.12721545413224636	0.17741720048551135	0.07238845754479928	0.1021994187142717
2310022A10Rik	0.0633544755960395	0.19918559895155488	0.2595926307615437	0.13171297607903637	0.15571019720779608	0.07514776619991484	0.11529635520411471
2310022B05Rik	0.057358412950136606	0.20639152052010162	0.23958884798238045	0.1427258838396863	0.17278731992954485	0.082006565515286	0.09914144926286421
2310030G06Rik	0.05579760074317449	0.21706287877117345	0.24398328395698626	0.13580964408136992	0.17014658279308095	0.07160549269079163	0.10559451696342328
2310033P09Rik	0.0632797813886121	0.2003828303156262	0.24262048405516753	0.13004072038867445	0.18230609792524174	0.08127089098362486	0.10009919494305308
2310039H08Rik	0.06472765250315259	0.2195342129048725	0.24247291736400442	0.13788398526028758	0.16399042159348012	0.07719279031639609	0.09419802005780667
2310050C09Rik	0.05669856286585723	0.19977601957452043	0.2556684609396588	0.13109288321125112	0.1927896385454639	0.07015026268654115	0.09382417217670735
2310057J18Rik	0.06011839864706052	0.22704562376563295	0.23404003112879507	0.13343241797469407	0.1659453761675552	0.07217570902687856	0.10724244328938365
2310057M21Rik	0.07076208245587556	0.1966093156668669	0.24716316961702417	0.14193811992085123	0.1672754624318292	0.06807556905620472	0.10817628085134819
2310057N15Rik	0.05738499867677541	0.20850277532075767	0.25204377237223347	0.1347449258301664	0.172984802952496	0.06470682702268743	0.10963189782488371
2310061I04Rik	0.059810733227922006	0.20428314487351404	0.2395743607616687	0.1352409053362662	0.18051092895724744	0.06814249897858717	0.11243742786479452
2310061N02Rik	0.05804792510702449	0.1947295668574308	0.2604257411667158	0.13013550476865904	0.1724297803934648	0.07372551559699807	0.11050596610970705
2310079G19Rik	0.06456812526223392	0.2046373779637255	0.23847121579026453	0.1315050631711998	0.1863086151573642	0.07118193028237575	0.1033276723728362
2410002F23Rik	0.0656559394195824	0.21470816982566227	0.22209551969445293	0.12769377877300528	0.16513019932466447	0.08621247362923976	0.11850391933339294
2410004B18Rik	0.06809725876003532	0.2058181254154014	0.24626128477810819	0.12725270876878408	0.16917211619051964	0.07716269803556096	0.1062358080515904
2410004P03Rik	0.06386106471134252	0.2011380783997473	0.25251630364839045	0.12673038345502377	0.18360060532806471	0.07198859266003843	0.10016497179739287
2410066E13Rik	0.06574426204504845	0.20265338709492015	0.24574901384439493	0.12661215236920248	0.18004550021759755	0.07032431316147601	0.10887137126736039
2410124H12Rik	0.05584966416930829	0.20885185897902311	0.25297996149656476	0.13741896578038978	0.16721569238965417	0.08051461149699268	0.09716924568806708
2410137M14Rik	0.0674582089904154	0.19732360909276794	0.2566984510495541	0.1325537746632225	0.1680829985654101	0.08022174685157643	0.09766121078705364
2510002D24Rik	0.0634543670252772	0.21361403244449834	0.24246563077698113	0.12475765820248183	0.1788624652573165	0.0666998772281221	0.1101459690653229
2510009E07Rik	0.06595396700281103	0.21142319893099387	0.25565554584516986	0.12989795560713285	0.15891069918911746	0.06429618752336308	0.11386244590141185
2510039O18Rik	0.06249689351853283	0.20879563385787764	0.24317201822860499	0.12779480583160957	0.1732926935120885	0.08047771313945833	0.1039702419118282
2610002M06Rik	0.06424591730462824	0.19613770650575077	0.2590674025030249	0.11680827747968515	0.19280480598724478	0.07270032862849751	0.09823556159116865
2610008E11Rik	0.060422153274953726	0.19134447604242333	0.24133104729657323	0.13431554724766992	0.18698345138007388	0.0773385618007851	0.10826476295752091
2610028H24Rik	0.06351312244832806	0.19733316295763087	0.24057197745749342	0.14602522674219418	0.17160354055022586	0.07247350420054448	0.10847946564358321
2610318N02Rik	0.06759453617930157	0.2142884980205312	0.2634105967812447	0.13425868818881373	0.15625413566645122	0.07630474363925038	0.08788880152440721
2610507B11Rik	0.05337037508933178	0.22938840009720765	0.25761619592040064	0.13109204068762795	0.17000697190187408	0.07425627818387012	0.08426973811968788
2610524H06Rik	0.0679797949711721	0.19856443876406438	0.2760892344950197	0.13758718600798373	0.1460680579159784	0.07706407626810276	0.09664721157767907
2610528A11Rik	0.05492549484755658	0.20469579001644697	0.26265740516618585	0.12458064014415911	0.17791396980186178	0.07817559761491326	0.09705110240887645
2610528J11Rik	0.06421759228910526	0.19987517358174126	0.23911277942602024	0.12310629403946093	0.1801865435524885	0.07392539798061896	0.1195762191305648
2700049A03Rik	0.05765480497879008	0.21908542573583908	0.24504791831643244	0.14154106340857817	0.16233568285563735	0.07269747513981938	0.10163762956490348
2700062C07Rik	0.06457794470645523	0.25662031083117437	0.23684610805548045	0.15725945681079165	0.13722018685431417	0.06222939364735327	0.085246599094431
2700097O09Rik	0.05782865936009106	0.19195579159174891	0.2596284918329817	0.14581476122273168	0.172573794483807	0.07197253992200821	0.10022596158663152
2810004N23Rik	0.06933593491600833	0.2504836426596832	0.22180941514932143	0.1253143947638616	0.14820634787182865	0.08822254323747947	0.09662772140181741
2810021J22Rik	0.06234783273724184	0.2007881951938875	0.2496190925551092	0.13303275125111666	0.17634762388343622	0.07414849662346774	0.103716007755741
2810408A11Rik	0.0681288527588784	0.20905171874157893	0.25358199124214453	0.13749442163438644	0.15038627906902954	0.07696368710232612	0.10439304945165613
2810459M11Rik	0.06746220415670022	0.20291012846102885	0.24820739128884922	0.13597338397819275	0.16642675293755324	0.0775541726909783	0.10146596648669734
2900026A02Rik	0.06281169498456605	0.20972726012034396	0.23724696123158268	0.1483502869317063	0.1589167286706834	0.07682645084888949	0.10612061721222812
2900092C05Rik	0.055991824921131673	0.19428459498946732	0.2505333179404037	0.12769165546339123	0.176657595701204	0.07211328400533852	0.1227277269790637
3110009E18Rik	0.05488017633272713	0.22109444452192833	0.23993392163638938	0.13155560628665797	0.20149439361343605	0.06974407365101719	0.08129738395784397
3110040N11Rik	0.07156703612158734	0.20531342072407005	0.25017286232324104	0.13158959103266282	0.1697324272552543	0.07148193844844529	0.10014272409473925
3110082I17Rik	0.06653340566896859	0.21575520257505326	0.24404206571082554	0.12936596479409385	0.14916777744791357	0.0809656735314291	0.11416991027171618
3110082J24Rik	0.06558714184867408	0.20632322984808135	0.2517530925010058	0.12365441827233989	0.16047313718299477	0.07939888641406131	0.1128100939328428
3300002I08Rik	0.0640353071398856	0.20143563432145642	0.23891736706213126	0.140352726776994	0.16618077371665219	0.08442180557354417	0.10465638540933651
3425401B19Rik	0.06048775017443516	0.1970179845339383	0.2435566872671979	0.13012066576321882	0.1822360366926251	0.07959530816254104	0.10698556740604369
3830406C13Rik	0.054095799837911046	0.23903428244957103	0.24328542067162043	0.14640947439784016	0.14365685447833879	0.07763424099589265	0.09588392716882588
4833420G17Rik	0.06185496223070326	0.20409984746557303	0.24763431595838192	0.13112057462933047	0.1806338818823261	0.07249812834503609	0.1021582894886492
4833439L19Rik	0.06655936906693666	0.21477671090550443	0.24568681347758292	0.11731359356013442	0.16415447966105304	0.07766373122571561	0.11384530210307288
4921504E06Rik	0.06345522211440843	0.2179632637189261	0.25257530930826494	0.1366943955897254	0.16447065957561333	0.07322459606956325	0.09161655362349838
4921507P07Rik	0.06040165273804886	0.19406828425388614	0.27074362800568813	0.1333479485582435	0.16230005271560866	0.07783927977418599	0.10129915395433883
4921509C19Rik	0.0634177543326183	0.20616386544967064	0.2479445984214751	0.13192923493373457	0.16788837182487815	0.06985883184071909	0.11279734319690399
4921517D22Rik	0.0632142348276536	0.18857562303126976	0.25492365323723076	0.13715382573715143	0.16315229220288416	0.08015509015214924	0.112825280811661
4921524J17Rik	0.08492572747792082	0.1836168905090663	0.24449439281203436	0.11352490052850896	0.18973732282213004	0.0855243303226315	0.09817643552770798
4921524L21Rik	0.06272664145211224	0.20478509523346894	0.2619370307068042	0.13023678174714406	0.1740056561753982	0.07053717140831398	0.0957716232767584
4921536K21Rik	0.05840580228297344	0.20962041496043285	0.25305788486932274	0.11344219851484479	0.1826297097351251	0.06847325785521405	0.11437073178208695
4921539E11Rik	0.06417752689240777	0.21549372786308188	0.26903025983909	0.12523444401369746	0.14129736143466612	0.07801740593088916	0.10674927402616755
4930402F06Rik	0.06600244247521372	0.1979240757239623	0.2498400577904134	0.13719147006609245	0.18332977962467806	0.06743460854937058	0.09827756577026954
4930402K13Rik	0.06323630649878623	0.2000601096522523	0.24223398742884955	0.12004290534369975	0.18800316500901598	0.07602048084813995	0.11040304521925616
4930404N11Rik	0.06805707556055532	0.20426889577653393	0.24923867150848403	0.13682320975776033	0.16762152714839482	0.07187966993184206	0.10211095031642962
4930407I10Rik	0.05873732764936865	0.2257537285604254	0.24536679335415057	0.11978672306046463	0.18051466281295947	0.05939939131854882	0.11044137324408247
4930415L06Rik	0.0557571306755535	0.19194306630961214	0.26646748589537983	0.12177937816661363	0.1871542083224426	0.0669438430710101	0.1099548875593883
4930430F08Rik	0.06395555921722047	0.2134017346988483	0.25338267900169525	0.1348102283455811	0.15997745902533528	0.080132973182919	0.0943393665284007
4930432M17Rik	0.056840629545256996	0.18793345238100864	0.2576435387852161	0.14883564287749	0.16758760737066	0.07386601184040363	0.10729311719996451
4930433I11Rik	0.07018787167992387	0.17967179270257738	0.255389277402454	0.12746272883605478	0.1665290733637562	0.07511296831207988	0.125646287703154
4930444P10Rik	0.05538633262995255	0.21970178810379262	0.2548081000383053	0.14351024487371167	0.1584465246307833	0.0813068018143348	0.0868402079091198
4930447A16Rik	0.07099103739933943	0.20968294214419872	0.249524439074881	0.14305676887302177	0.15980375370277466	0.06210739405690235	0.10483366474888217
4930447C04Rik	0.058949180240451864	0.17935296682048835	0.2731738547061817	0.15004198522864998	0.16817485748912228	0.06598818160091022	0.10431897391419571
4930451I11Rik	0.06274765561562426	0.19849337028237674	0.25557322629243506	0.12666688116983424	0.18016607881292854	0.07503105358112701	0.10132173424567405
4930453N24Rik	0.0635934771972162	0.21267105120528135	0.2320726788726078	0.13407180720068634	0.16381253431868886	0.08371940708217575	0.11005904412334364
4930474N05Rik	0.055515054720674056	0.20998175281936884	0.25076879031705335	0.1370128452384176	0.15713696752030584	0.082878258381389	0.10670633100279125
4930480E11Rik	0.08043392920959025	0.18666770383331072	0.26320270037887183	0.12366932227899617	0.17292618076007232	0.07424308005141808	0.09885708348774053
4930486L24Rik	0.05862354953933889	0.2095831536699219	0.2504413203101355	0.12915679731367535	0.19234367386729914	0.06931962334115277	0.09053188195847632
4930503E14Rik	0.06398545608425384	0.20252547703938953	0.23064785889094871	0.1449555328668082	0.1821653321165321	0.06852393866671926	0.10719640433534816
4930503L19Rik	0.06605344227972659	0.19909832425781906	0.23960158139445525	0.14380295809463325	0.157433774268462	0.08061849430775972	0.11339142539714414
4930505A04Rik	0.051649136746997434	0.2338084764835391	0.23512154780109382	0.1177582990835188	0.17960455927284755	0.07010608812936019	0.1119518924826431
4930513O06Rik	0.06591233706257422	0.20904902706831388	0.25383981364170766	0.13489099661866477	0.17130875245801644	0.06245202973874688	0.10254704341197612
4930519G04Rik	0.058554945831278786	0.21955831621953045	0.26485668441627735	0.13604572806339532	0.15325804131287293	0.0712451665419794	0.09648111761466563
4930522H14Rik	0.04916041753923796	0.19312062857822315	0.2577663557083698	0.13673718900029022	0.19717726779311853	0.07327658099288846	0.09276156038787181
4930523C07Rik	0.057263841935476796	0.19398949811530283	0.2510864070794003	0.13075514972888105	0.18540341942870606	0.07360942220572156	0.10789226150651139
4930524B15Rik	0.057871124792578055	0.19862914159660203	0.23505730587580095	0.12843532916199002	0.1882337147548336	0.08142083012419583	0.11035255369399953
4930544D05Rik	0.07335503025034848	0.20143026335415334	0.23942716582563292	0.14021850059942428	0.17078642876242062	0.07213700040617595	0.10264561080184448
4930544G11Rik	0.056311705838342295	0.19800880571544655	0.24556792047417708	0.1505190663542897	0.16097291953332996	0.07389297731069865	0.11472660477371581
4930548H24Rik	0.06427596111651711	0.21008664129026555	0.25491778153005046	0.13115473989924592	0.16599785225415922	0.07270942508976964	0.10085759881999229
4930550C14Rik	0.057854993211197865	0.20191839780272555	0.25516288857070035	0.12779669764984491	0.16192465575919432	0.08606247001957716	0.10927989698675981
4930555G01Rik	0.05526964591157518	0.16873887844489618	0.27195824372382293	0.11196921443195501	0.20974442975311944	0.07345260770146582	0.10886698003316547
4930558K02Rik	0.060751158125243496	0.21328611649291976	0.2505465791032224	0.12061780927377429	0.1545545707030192	0.08372817003821492	0.11651559626360598
4930563M21Rik	0.06227791919023748	0.18623008973371571	0.25884679274833017	0.1377142205715252	0.1805556126984366	0.0707042167301458	0.10367114832760893
4930564D02Rik	0.053356612587705084	0.21438149265590217	0.2596343973999451	0.12567714907379313	0.17838908197233325	0.07254905652433695	0.09601220978598435
4930567H17Rik	0.05305475666132469	0.20188530855433268	0.25157872848319324	0.13531198466976613	0.17990565708587017	0.07609640608151734	0.10216715846399582
4930568D16Rik	0.053824675779527396	0.20887825267620122	0.26934683413744204	0.13178782254546126	0.16369805833432277	0.06432523214844031	0.1081391243786051
4930571K23Rik	0.07188513733610734	0.21397524572244928	0.2608202672842346	0.13593831145286045	0.14058262162741522	0.07648344434706172	0.10031497222987122
4930578I06Rik	0.06410011350963159	0.20369731052115458	0.237057864130056	0.13402083966278114	0.18458691789278678	0.08055555605318118	0.09598139823040873
4930579F01Rik	0.06980487061505808	0.20119258749625407	0.2553368146005887	0.1303955181966063	0.1704847095454479	0.07711256202801103	0.09567293751803392
4930579G24Rik	0.05840397317618434	0.19573298267255287	0.2512922981544094	0.12624509137913711	0.17845465390885334	0.08112391566542093	0.108747085043442
4930590J08Rik	0.0662389291507095	0.19239723720904486	0.23470366193771583	0.1280265024646806	0.19778331756840378	0.07382260455916058	0.10702774711028476
4930595M18Rik	0.06995732867651219	0.17874277723370122	0.2754285845016544	0.11943501056370316	0.172438515400105	0.06253913473802135	0.1214586488863026
4930596D02Rik	0.06499331228320955	0.1980646314290423	0.24955023950751826	0.14239160641916326	0.1609781520827232	0.07255771609988616	0.11146434217845731
4931406B18Rik	0.06193293960744055	0.22458449533123584	0.26423628798153864	0.12548301056998082	0.15276051060655002	0.07365400680863628	0.09734874909461794
4931406C07Rik	0.05699713708556666	0.2015939729263923	0.2587074219406812	0.11958484084224791	0.19415654180641684	0.06519723136657639	0.10376285403211861
4931408C20Rik	0.06085572761456326	0.19453738928745679	0.278215727802435	0.12218037409140715	0.1653467278557144	0.06735011370401109	0.11151393964441234
4931414P19Rik	0.06345246812158564	0.2041139017226868	0.2607222363644003	0.1263640385630417	0.16968753212030716	0.07345526411862784	0.10220455898935066
4931428F04Rik	0.06259157238470495	0.1998655852948766	0.2632239713171343	0.13021134516024022	0.16061357068005305	0.07463266583407739	0.10886128932891351
4931429L15Rik	0.06165307693851283	0.20027390643460463	0.2527031661815054	0.1262566523180854	0.17518550119119095	0.07099920050411192	0.11292849643198903
4932414N04Rik	0.05392105140011575	0.19585156016403302	0.24836003884461416	0.14163164891374402	0.17065515759703542	0.07156486918949588	0.11801567389096167
4932429P05Rik	0.05024961051912368	0.21619717273434785	0.27018218240116354	0.12918547500608005	0.170984869509587	0.06314694199997992	0.10005374782971797
4932438A13Rik	0.061781374705823566	0.19347537215430707	0.2596128763958348	0.1431708078626994	0.15811641396613713	0.06901465577510096	0.11482849914009714
4932438H23Rik	0.05394497047230709	0.20699009116644326	0.27594003941405476	0.12131835000325568	0.1711362396925622	0.07057193183756946	0.10009837741380752
4933402D24Rik	0.0534887270032293	0.21999909472105805	0.23187807538694388	0.13963995060504858	0.15413418836221615	0.09335371826068427	0.10750624566081982
4933402J07Rik	0.0774231085595505	0.2196970460256587	0.24052805267605773	0.12674832416515466	0.15546360813589116	0.07299248168502007	0.10714737875266708
4933402N03Rik	0.051132278390059765	0.21208788797658062	0.26124598553220196	0.113253755754804	0.16281024988308487	0.08068931050317489	0.11878053196009394
4933403O08Rik	0.06789105398752222	0.20629347034729553	0.24339935965912413	0.13537390154160556	0.1673155095163905	0.07408659731589746	0.10564010763216458
4933405L10Rik	0.05823748549654	0.19841935239885797	0.2503194302973147	0.14079144494377452	0.16789404746764774	0.07917414595671442	0.10516409343915073
4933409G03Rik	0.06074644340310274	0.20533748328493012	0.2354823638746218	0.1283702335310016	0.20054779022704058	0.06334469708796173	0.10617098859134132
4933411K16Rik	0.061380201982818405	0.20492380811251543	0.258348766594481	0.1379195926072894	0.16567386110140186	0.0730875557451194	0.0986662138563745
4933412E24Rik	0.0695556447046329	0.20959175492366378	0.2661262628095619	0.1238566591941777	0.150942884212848	0.0721748986678341	0.10775189548728156
4933417A18Rik	0.05359030614024854	0.19769798695946367	0.25121408425949654	0.14750821742768475	0.18851049944499393	0.057044779932110795	0.10443412583600195
4933421I07Rik	0.05367249772604833	0.20148705003055423	0.23851815465114384	0.14133536443277214	0.18198901474116472	0.0784492287697539	0.10454868964856295
4933427D06Rik	0.06031655530303797	0.19203200735581602	0.24815644755250604	0.1408843271176063	0.1754303361337843	0.06870132007051016	0.11447900646673927
4933427D14Rik	0.05796343229378463	0.2076043863500224	0.24131119924050914	0.12317541021809668	0.1746261101861718	0.07597952703671453	0.11933993467470079
4933430I17Rik	0.05256606443710312	0.19688724570462318	0.2606288136585964	0.13681942321261728	0.17676478120068945	0.07803530240697026	0.09829836937940031
4933434E20Rik	0.06222417542769652	0.2197314315567571	0.258560129136148	0.13262585674065955	0.12824755318219647	0.07791031525707923	0.1207005386994632
4933436I01Rik	0.07896070947088131	0.208434041788428	0.24999064138534952	0.11120311635822251	0.19345098286856957	0.058975785905481144	0.098984722223068
5031439G07Rik	0.06153543216836455	0.21181548820243482	0.24406208900241141	0.13318660779591787	0.1605807911647423	0.07365427174262532	0.11516531992350379
5430401F13Rik	0.06884726820191371	0.21240447768081003	0.2551455478316453	0.13519120454711067	0.14602276181762952	0.07650362409451981	0.10588511582637104
5430402E10Rik	0.057049150940749374	0.20762795264058126	0.25199185471887114	0.13763361694056053	0.17663927903878943	0.07449756882021875	0.09456057690022952
5530400C23Rik	0.05095172201444882	0.19317025325423626	0.29989609698930303	0.12756105014352903	0.15992462993006606	0.07563334817132411	0.09286289949709252
5730409E04Rik	0.06867229900939492	0.2126807544485253	0.2518672253981433	0.14689870569011695	0.15668464964334514	0.0687745251934326	0.09442184061704184
5730455P16Rik	0.0637578830350577	0.22106352950578417	0.24813309382963003	0.13390249247798874	0.17209979471370437	0.06381653860925049	0.09722666782858444
5730507C01Rik	0.060487959856570316	0.2079461662452099	0.26206771219736674	0.13103156239685188	0.1639168529110623	0.06757302108051738	0.10697672531242154
6030458C11Rik	0.06288773800982565	0.20339889190441354	0.24238089522507802	0.12245052699303512	0.18942715719594452	0.07129145735881452	0.1081633333128885
6030468B19Rik	0.0649026693915183	0.20369027738176593	0.26265872266714335	0.1188015908079964	0.17144206393825617	0.08128913944137998	0.09721553637193983
6030498E09Rik	0.07262167150771581	0.2222865507985479	0.2488796158205465	0.14485031359405923	0.16308756754889836	0.06327399509575823	0.08500028563447394
6330409D20Rik	0.061987972864834165	0.225925066379641	0.2445049536318861	0.14196799486615233	0.15830978385967487	0.06708791917777558	0.10021630922003608
6430548M08Rik	0.0603082447934841	0.20272824831006273	0.25322546749174013	0.1412293699655464	0.16297632543806068	0.07895952520512757	0.10057281879597833
6430550D23Rik	0.06939799764457157	0.21363617266543078	0.241231607141462	0.14646395108670116	0.1619350065001875	0.07021311047910174	0.09712215448254544
6430571L13Rik	0.06650357568959094	0.21588088317159745	0.26247305549930394	0.12374502301021434	0.1590607511584788	0.08155144355716455	0.09078526791364991
6820408C15Rik	0.05868271175859618	0.18547522005232103	0.23979496876741177	0.13682042786360318	0.1859514288553918	0.08008088696656113	0.11319435573611487
7420426K07Rik	0.05642416916126854	0.2018460478013705	0.24913037490361048	0.14304384519072114	0.1800252937562658	0.06932297537827811	0.10020729380848539
7530416G11Rik	0.054825751675449105	0.20690031091002875	0.2458015069111711	0.13334713546855687	0.18702283415301593	0.07080022487386223	0.10130223600791596
8030423J24Rik	0.06337516240489222	0.21383829035318827	0.24376585039087634	0.1260593531106729	0.16564853915267155	0.08335281583465746	0.10395998875304124
8030462N17Rik	0.054230692914022896	0.2271648176606567	0.2577080229158604	0.14101565683093983	0.1664468107387493	0.06386071259785558	0.0895732863419152
9030619P08Rik	0.05321405239279735	0.24331355309086128	0.2026398846992249	0.12023624357032503	0.18004421144523378	0.06330470082410053	0.1372473539774572
9130008F23Rik	0.06063231352280465	0.20000951321814645	0.23921783197160593	0.12835656838090623	0.19387222530795165	0.0751552810768215	0.10275626652176358
9130019O22Rik	0.06517625577946495	0.20743154166260241	0.2531862038088969	0.12165782514894065	0.17838764482027833	0.06598624792812363	0.10817428085169323
9130023H24Rik	0.06821294122181581	0.2039329843416866	0.2440739309036072	0.12685336633655195	0.188335174558013	0.07345768224954867	0.09513392038877662
9130401M01Rik	0.06053449699415097	0.19569037875606085	0.25869526067360654	0.14382549619004054	0.16638495638261225	0.0720325888110318	0.10283682219249692
9130409I23Rik	0.06674109305958062	0.22359373428067908	0.2558056963381082	0.11776174523722462	0.16343405613653783	0.07606467860310759	0.09659899634476213
9230112D13Rik	0.0664852998017493	0.2073979178036752	0.24161630068715592	0.13689444172861037	0.17645385326567473	0.06626181953772667	0.10489036717540771
9330159F19Rik	0.06489560602386744	0.21022008573887924	0.2584972370551723	0.12028297483460879	0.1723831092405273	0.07533696187146366	0.09838402523548131
9330182O14Rik	0.06426875294908792	0.2327877127543209	0.2558426538217653	0.10906006807288136	0.15877759988447854	0.07754150231215863	0.10172171020530728
9430015G10Rik	0.06912984944603623	0.21067484793207816	0.25713694592167585	0.1287309106076671	0.16930987830327648	0.06644234982664361	0.09857521796262256
